0.00 2.43 3.49 
0.00 6.11 5.51 
0.00 6.54 5.29 
0.00 5.85 5.03 
0.00 6.42 5.37 
0.00 6.48 5.11 
0.00 6.68 5.00 
0.00 6.59 4.74 
0.00 6.52 4.60 
0.00 6.32 4.37 
0.00 6.12 4.25 
0.00 5.61 4.08 
0.00 4.72 3.74 
0.00 3.91 3.64 
0.00 3.74 3.82 
0.00 4.04 4.33 
0.00 4.03 4.81 
0.00 4.82 5.93 
0.00 4.91 6.89 
0.00 4.93 7.38 
0.00 4.71 7.40 
0.00 4.30 7.25 
0.00 3.87 7.25 
0.00 3.63 7.20 
0.00 3.69 7.22 
0.00 4.09 7.08 
0.00 4.09 6.43 
0.00 4.14 5.69 
0.00 4.29 5.44 
0.00 4.41 5.34 
0.00 4.60 5.28 
0.00 4.70 5.43 
0.00 4.78 5.76 
0.00 4.83 6.06 
0.00 4.93 6.19 
0.00 4.99 6.12 
0.00 5.04 6.04 
0.00 5.02 5.89 
0.00 4.97 5.93 
0.00 5.16 6.08 
0.00 4.94 6.43 
0.00 5.46 6.78 
0.00 5.26 6.90 
0.00 4.96 6.99 
0.00 4.46 6.88 
0.00 3.80 6.66 
0.00 2.81 6.57 
0.00 1.79 7.08 
0.00 2.83 6.88 