0.00 1.67 2.86 
0.00 2.59 2.76 
0.00 2.30 2.16 
0.00 2.69 2.30 
0.00 2.53 2.58 
0.00 2.43 3.27 
0.00 2.32 3.84 
0.00 2.52 4.13 
0.00 2.93 4.19 
0.00 3.09 4.49 
0.00 3.19 4.63 
0.00 3.14 4.43 
0.00 2.94 4.22 
0.00 2.69 3.82 
0.00 2.40 3.75 
0.00 2.23 3.53 
0.00 2.47 3.24 
0.00 2.77 3.30 
0.00 2.51 3.39 
0.00 2.75 3.52 
0.00 3.35 3.68 
0.00 3.80 3.86 
0.00 4.20 3.93 
0.00 4.15 3.83 
0.00 3.95 3.62 
0.00 3.56 3.33 
0.00 3.16 3.23 
0.00 3.56 3.37 
0.00 3.60 3.07 
0.00 3.45 3.33 
0.00 3.19 3.64 
0.00 3.09 4.05 
0.00 3.03 4.27 
0.00 2.90 4.36 
0.00 2.92 4.39 
0.00 3.04 4.28 
0.00 3.19 4.22 
0.00 3.25 4.00 
0.00 3.35 3.77 
0.00 3.23 3.64 
0.00 3.56 3.52 
0.00 3.12 3.27 
0.00 3.07 2.79 
0.00 3.14 2.84 
0.00 3.22 3.05 
0.00 3.40 3.40 
0.00 3.75 3.75 
0.00 3.95 3.77 
0.00 3.89 3.59 