0.00 1.14 5.36 
0.00 2.25 7.62 
0.00 3.13 7.02 
0.00 3.07 6.15 
0.00 3.28 6.04 
0.00 3.37 6.40 
0.00 3.63 6.78 
0.00 3.96 7.18 
0.00 4.11 7.36 
0.00 4.12 7.49 
0.00 4.07 7.41 
0.00 3.89 7.11 
0.00 3.67 6.81 
0.00 3.60 6.56 
0.00 3.71 6.46 
0.00 4.22 6.50 
0.00 4.58 7.14 
0.00 4.80 7.32 
0.00 4.69 7.47 
0.00 4.44 7.60 
0.00 3.99 7.56 
0.00 3.43 7.46 
0.00 2.75 7.46 
0.00 2.08 7.58 
0.00 1.52 7.79 
0.00 0.92 8.34 
0.00 0.20 8.15 
0.00 0.15 7.74 
0.00 1.26 8.55 
0.00 0.57 8.60 
0.18 0.22 8.40 
0.69 1.38 8.51 
0.00 0.86 7.85 
0.00 -0.17 6.54 
0.00 -1.01 6.37 
0.00 -0.31 7.13 
0.00 0.10 7.55 
0.00 1.55 8.62 
0.23 1.09 10.23 
0.00 0.94 9.75 
0.00 1.41 9.71 
0.00 2.48 10.24 
0.00 3.87 11.20 
0.00 4.59 11.91 
0.00 4.74 12.37 
0.00 4.56 12.45 
0.00 4.13 12.30 
0.00 3.76 12.18 
0.00 3.22 11.51 