0.00 1.52 3.01 
0.00 2.52 3.89 
0.12 2.65 3.86 
0.00 2.39 3.63 
0.00 2.32 3.72 
0.00 2.83 3.67 
0.00 2.90 3.73 
0.00 3.06 3.92 
0.00 3.49 4.00 
0.00 3.76 4.01 
0.00 3.99 3.92 
0.00 4.02 3.73 
0.00 4.02 3.55 
0.00 3.67 3.44 
0.00 3.21 3.35 
0.00 3.47 3.54 
0.00 3.56 3.19 
0.00 3.42 3.35 
0.00 3.21 3.64 
0.00 3.18 4.07 
0.00 3.09 4.32 
0.00 2.99 4.43 
0.00 3.12 4.52 
0.00 3.24 4.53 
0.00 3.24 4.37 
0.00 3.29 4.09 
0.00 3.31 3.94 
0.00 3.20 4.05 
0.00 3.67 3.51 
0.00 3.03 3.17 
0.00 3.00 2.70 
0.00 3.07 2.66 
0.00 3.10 2.68 
0.00 3.11 2.69 
0.00 3.21 2.82 
0.00 3.15 2.86 
0.00 3.06 2.74 
0.00 2.96 2.65 
0.00 2.86 2.71 
0.00 2.93 2.92 
0.00 3.44 2.86 
0.00 3.52 3.37 
0.00 3.56 3.84 
0.00 3.63 4.27 
0.00 3.77 4.54 
0.00 4.22 4.93 
0.00 4.45 5.34 
0.00 4.34 5.26 
0.00 4.02 5.04 