0.00 2.93 8.93 
0.00 4.24 10.60 
0.00 3.81 9.25 
0.00 3.71 6.91 
0.00 5.20 5.75 
0.00 5.53 4.77 
0.00 5.26 4.33 
0.00 4.73 4.31 
0.00 4.69 4.73 
0.00 5.00 5.15 
0.00 5.59 5.58 
0.00 6.33 5.80 
0.00 6.68 5.77 
0.00 6.51 5.87 
0.00 5.83 5.71 
0.00 5.07 6.57 
0.00 4.50 7.45 
0.00 5.44 8.08 
0.00 5.84 8.46 
0.00 5.82 8.78 
0.00 5.86 8.99 
0.00 6.50 9.22 
0.00 6.95 8.81 
0.00 7.36 7.85 
0.00 7.45 6.75 
0.00 7.35 5.58 
0.00 6.96 5.13 
0.00 6.36 4.40 
0.00 5.62 2.91 
0.00 4.86 2.68 
0.00 4.52 2.48 
0.00 3.90 1.81 
0.00 3.35 0.28 
0.00 3.68 -0.38 
0.00 3.64 -0.15 
0.00 3.34 -0.28 
0.00 2.90 -0.24 
0.00 2.38 -0.50 
0.00 1.87 -1.02 
0.00 2.22 -1.05 
0.00 3.49 0.09 
0.00 3.39 0.99 
0.00 2.47 1.36 
0.00 1.39 2.30 
0.11 1.72 2.86 
0.10 2.00 3.22 
0.11 2.27 2.51 
0.11 2.49 0.02 
0.11 2.63 -1.52 