0.00 9.60 4.77 
0.00 6.64 6.17 
0.00 5.35 4.95 
0.00 5.36 5.20 
0.00 4.58 6.32 
0.00 5.33 7.11 
0.00 5.80 7.97 
0.00 5.86 8.60 
0.00 6.06 8.75 
0.00 6.42 8.90 
0.00 6.83 8.61 
0.00 7.23 7.95 
0.00 7.33 7.40 
0.00 7.46 6.51 
0.00 6.64 5.38 
0.00 5.33 4.10 
0.00 4.30 2.94 
0.00 3.55 2.41 
0.00 3.48 2.26 
0.00 4.40 1.41 
0.00 4.99 0.03 
0.00 5.05 -0.22 
0.00 4.79 -0.43 
0.00 4.08 -0.33 
0.00 3.03 -0.47 
0.00 2.10 -0.91 
0.00 1.62 -1.05 
0.00 2.20 -0.61 
0.00 3.56 0.29 
0.00 3.80 1.06 
0.00 3.35 1.17 
0.00 2.56 1.38 
0.00 1.93 1.54 
0.00 1.84 1.86 
0.00 1.94 2.28 
0.00 2.10 2.79 
0.00 2.12 2.63 
0.00 1.94 2.17 
0.00 1.52 1.58 
0.00 1.24 -1.65 
0.00 0.76 -1.74 
0.00 1.25 -1.58 
0.00 1.61 -0.99 
0.00 1.51 -0.45 
0.00 1.03 -0.02 
0.00 0.92 -0.08 
0.00 0.95 -0.13 
0.00 1.10 0.18 
0.00 1.21 0.47 