0.00 8.21 -1.02 
0.00 2.25 -0.66 
0.00 2.68 -1.25 
0.00 2.18 -1.70 
0.00 2.94 -0.91 
0.00 3.39 0.82 
0.00 2.85 1.22 
0.00 1.88 1.56 
0.00 1.73 1.83 
0.00 2.10 1.99 
0.00 2.30 1.76 
0.00 2.29 0.37 
0.00 2.45 -1.08 
0.00 2.43 -2.18 
0.00 2.59 -3.74 
0.00 2.87 -3.30 
0.00 3.08 -2.72 
0.00 3.63 -1.24 
0.00 3.91 -0.87 
0.00 3.70 -0.15 
0.00 3.77 0.02 
0.00 3.49 0.25 
0.00 3.13 0.24 
0.00 2.59 0.24 
0.00 2.20 0.23 
0.00 1.94 0.20 
0.00 1.56 0.20 
0.00 0.97 -0.43 
0.00 1.03 1.19 
0.00 0.77 2.14 
0.00 1.05 3.21 
0.00 1.33 3.41 
0.00 2.00 3.29 
0.00 2.37 3.38 
0.00 2.69 3.66 
0.00 2.96 4.11 
0.00 2.98 4.28 
0.00 2.93 4.25 
0.00 2.65 4.36 
0.00 2.18 4.46 
0.00 2.20 4.56 
0.00 2.24 4.60 
0.00 2.19 4.62 
0.00 2.22 4.71 
0.00 2.30 4.83 
0.00 2.56 5.05 
0.00 2.91 5.13 
0.00 3.06 4.99 
0.00 3.13 4.66 