0.00 1.35 3.70 
0.00 3.46 5.13 
0.00 2.88 5.00 
0.00 2.23 4.10 
0.00 1.92 3.82 
0.00 1.92 3.87 
0.00 1.99 4.12 
0.00 2.30 4.60 
0.00 2.80 5.00 
0.00 2.81 5.11 
0.00 2.97 5.03 
0.00 2.81 4.54 
0.00 2.84 3.83 
0.00 2.74 3.09 
0.00 2.45 2.46 
0.00 2.32 2.28 
0.00 2.16 2.40 
0.00 2.10 2.90 
0.00 2.05 3.40 
0.00 2.42 3.84 
0.00 2.71 4.12 
0.00 2.88 4.31 
0.00 2.99 4.52 
0.00 3.00 4.52 
0.00 2.94 4.41 
0.00 2.83 4.24 
0.00 2.52 4.06 
0.00 2.51 3.78 
0.00 2.61 3.50 
0.00 2.67 3.38 
0.00 2.48 3.35 
0.00 2.53 3.46 
0.00 3.01 3.66 
0.00 3.48 3.85 
0.00 3.86 3.97 
0.00 3.93 3.97 
0.00 4.03 3.87 
0.00 4.06 3.88 
0.00 3.64 3.78 
0.00 3.55 3.82 
0.00 3.64 3.34 
0.00 3.48 3.34 
0.00 3.27 3.62 
0.00 3.22 4.01 
0.00 3.21 4.21 
0.00 3.21 4.35 
0.00 3.33 4.42 
0.00 3.51 4.42 
0.00 3.72 4.32 