0.00 2.34 2.92 
0.00 2.82 6.44 
0.00 3.02 6.64 
0.00 3.47 6.84 
0.00 3.82 7.27 
0.00 3.85 7.79 
0.00 3.58 8.00 
0.00 3.17 8.04 
0.00 2.80 7.71 
0.00 2.30 7.33 
0.00 1.51 7.37 
0.00 1.05 7.71 
0.00 0.66 7.81 
0.00 -0.08 8.05 
0.00 -0.10 7.76 
0.00 0.14 5.99 
0.00 -0.84 7.23 
0.00 -0.34 8.14 
0.00 -0.86 8.03 
0.93 -0.38 8.09 
0.00 0.53 8.11 
0.00 0.71 8.00 
0.00 0.40 7.39 
0.00 -0.02 7.99 
0.00 -0.42 7.62 
0.00 -0.64 7.94 
0.00 0.32 8.80 
0.00 0.98 9.35 
0.00 1.58 9.20 
0.00 2.80 10.60 
0.00 4.10 11.25 
0.00 5.42 12.27 
0.00 5.33 12.60 
0.00 5.04 12.60 
0.00 4.50 12.41 
0.00 4.13 12.15 
0.00 3.71 11.73 
0.00 2.52 10.69 
0.00 0.97 8.53 
0.00 1.25 6.66 
0.00 1.80 5.64 
0.00 4.23 4.80 
0.00 6.16 4.72 
0.00 6.23 4.57 
0.00 6.39 4.74 
0.00 6.04 5.15 
0.00 6.23 5.83 
0.00 6.22 6.59 
0.00 6.56 7.77 