0.00 3.97 -0.33 
0.00 1.24 -0.10 
0.00 0.70 -0.01 
0.00 0.95 -0.22 
0.00 1.29 1.18 
0.00 1.02 2.14 
0.00 0.91 3.22 
0.00 1.36 3.54 
0.00 1.97 3.33 
0.00 2.20 3.66 
0.00 2.34 3.95 
0.00 2.51 4.27 
0.00 2.71 4.46 
0.00 2.76 4.40 
0.00 2.45 4.09 
0.00 1.97 3.87 
0.00 1.56 3.95 
0.00 1.83 3.90 
0.00 1.85 4.39 
0.00 2.11 4.73 
0.00 2.57 4.73 
0.00 2.68 4.69 
0.00 2.75 4.45 
0.00 2.67 3.92 
0.00 2.63 3.30 
0.00 2.41 2.59 
0.00 2.13 2.21 
0.00 2.19 2.23 
0.00 1.99 2.31 
0.00 1.88 2.66 
0.00 2.11 2.97 
0.00 2.48 3.36 
0.00 2.74 3.63 
0.00 2.84 3.86 
0.00 2.89 3.96 
0.00 2.89 3.95 
0.00 2.85 3.85 
0.00 2.80 3.63 
0.00 2.71 3.64 
0.00 2.38 3.28 
0.00 2.55 2.86 
0.00 2.41 2.82 
0.00 2.23 2.80 
0.00 2.46 2.96 
0.00 2.91 3.20 
0.00 3.38 3.47 
0.00 3.84 3.65 
0.00 4.05 3.76 
0.00 4.18 3.88 