0.00 6.64 8.53 
0.00 9.34 8.66 
0.00 9.03 7.79 
0.00 7.38 7.56 
0.00 7.03 8.00 
0.00 7.27 8.36 
0.00 7.27 8.41 
0.00 7.65 8.87 
0.00 8.73 9.66 
0.00 9.55 10.27 
0.00 9.32 10.39 
0.00 8.63 10.05 
0.00 7.87 9.15 
0.00 7.39 8.80 
0.00 7.28 8.75 
0.00 7.34 9.14 
0.00 7.12 9.64 
0.00 6.41 10.21 
0.00 5.79 10.73 
0.00 5.55 11.01 
0.00 5.70 10.78 
0.00 6.11 10.79 
0.00 6.22 10.57 
0.00 6.45 9.67 
0.00 6.63 8.66 
0.00 6.54 7.86 
0.00 5.69 7.10 
0.00 4.65 6.26 
0.00 5.07 6.10 
0.00 5.70 5.77 
0.00 6.10 5.34 
0.00 6.07 4.92 
0.00 5.79 4.44 
0.00 5.32 3.94 
0.00 4.78 3.60 
0.00 4.10 3.32 
0.00 3.31 2.90 
0.00 2.88 3.16 
0.00 3.26 4.18 
0.00 4.17 5.14 
0.00 4.82 6.24 
0.00 5.13 6.70 
0.00 5.06 7.10 
0.00 4.86 7.47 
0.00 4.52 7.70 
0.00 4.08 7.87 
0.00 3.61 7.83 
0.00 3.27 7.56 
0.00 3.06 7.20 