0.00 1.50 3.12 
0.00 3.34 4.49 
0.00 3.31 4.16 
0.00 3.31 3.29 
0.00 3.17 2.67 
0.00 2.36 2.59 
0.00 2.12 2.35 
0.00 2.19 2.17 
0.00 2.57 2.49 
0.00 2.87 2.86 
0.00 3.06 3.04 
0.00 3.04 2.91 
0.00 2.98 2.58 
0.00 2.85 2.32 
0.00 2.69 2.29 
0.00 2.84 2.34 
0.00 3.09 2.39 
0.00 3.13 3.07 
0.00 3.15 3.70 
0.00 3.22 4.22 
0.00 3.28 4.64 
0.00 3.74 4.99 
0.00 4.15 5.40 
0.00 3.99 5.27 
0.00 3.66 4.92 
0.00 3.44 4.61 
0.00 3.19 4.31 
0.00 2.81 4.12 
0.00 2.87 3.56 
0.00 2.99 3.25 
0.00 2.61 3.09 
0.00 2.73 3.03 
0.00 2.73 2.75 
0.00 2.74 2.37 
0.00 2.74 2.24 
0.00 2.68 2.36 
0.00 2.60 2.63 
0.00 2.55 2.97 
0.00 2.67 3.27 
0.00 2.86 3.13 
0.00 3.04 3.19 
0.00 3.09 3.36 
0.00 3.35 4.18 
0.00 3.53 5.37 
0.00 3.70 6.07 
0.00 3.91 6.52 
0.00 4.08 6.73 
0.00 4.26 6.70 
0.00 4.39 6.59 