0.00 1.95 2.09 
0.00 4.45 5.50 
0.00 4.96 5.55 
0.00 5.11 5.98 
0.00 5.06 6.41 
0.00 5.67 7.46 
0.00 5.57 8.15 
0.00 5.31 8.40 
0.00 4.90 8.30 
0.00 4.26 7.99 
0.00 3.67 7.85 
0.00 3.48 7.80 
0.00 3.53 7.78 
0.00 3.84 7.67 
0.00 3.80 7.17 
0.00 3.84 6.13 
0.00 4.04 5.86 
0.00 4.22 5.79 
0.00 4.51 5.81 
0.00 4.58 6.11 
0.00 4.56 6.22 
0.00 4.47 6.20 
0.00 4.46 6.19 
0.00 4.48 6.10 
0.00 4.53 5.99 
0.00 4.64 5.99 
0.00 4.73 5.99 
0.00 5.04 6.14 
0.00 4.94 6.58 
0.00 5.29 7.08 
0.00 5.01 7.37 
0.00 4.68 7.41 
0.00 4.14 7.15 
0.00 3.38 6.92 
0.00 2.51 6.77 
0.00 1.82 7.09 
0.00 1.21 7.84 
0.00 0.09 8.41 
0.00 1.26 8.51 
0.00 1.96 8.16 
0.00 1.45 8.14 
0.11 0.52 8.23 
0.00 -1.03 8.88 
0.35 -0.13 9.84 
0.23 -0.71 9.62 
0.00 -0.77 8.56 
0.00 -0.56 8.56 
0.00 -0.57 8.20 
0.00 -0.34 8.77 