0.00 5.00 0.80 
0.00 2.08 -2.56 
0.00 2.60 -4.07 
0.00 2.69 -3.59 
0.00 2.90 -3.40 
0.00 2.98 -2.64 
0.00 3.15 -1.32 
0.00 3.28 -0.46 
0.00 2.53 0.29 
0.00 2.37 0.53 
0.00 2.43 0.46 
0.00 2.28 0.30 
0.00 2.06 0.12 
0.00 1.75 0.10 
0.00 1.19 0.06 
0.00 0.64 -0.27 
0.00 0.91 0.84 
0.00 0.85 2.09 
0.00 0.87 3.26 
0.00 1.47 3.54 
0.00 2.19 3.34 
0.00 2.41 3.73 
0.00 2.62 4.04 
0.00 2.73 4.19 
0.00 2.69 4.34 
0.00 2.70 4.43 
0.00 2.41 4.26 
0.00 2.01 4.25 
0.00 2.02 4.18 
0.00 2.00 4.23 
0.00 2.11 4.59 
0.00 2.41 4.95 
0.00 2.60 5.09 
0.00 2.72 5.19 
0.00 2.82 5.24 
0.00 2.86 4.97 
0.00 2.90 4.51 
0.00 2.90 3.78 
0.00 2.70 3.03 
0.00 2.87 2.76 
0.00 2.68 2.63 
0.00 2.45 3.10 
0.00 2.44 3.62 
0.00 2.69 4.04 
0.00 2.96 4.13 
0.00 2.97 4.13 
0.00 3.08 3.97 
0.00 3.18 3.72 
0.00 3.38 3.68 