0.00 1.41 4.09 
0.00 6.61 9.39 
0.00 6.81 9.60 
0.00 6.74 9.90 
0.00 6.52 10.40 
0.00 6.03 10.70 
0.00 5.44 10.78 
0.00 5.07 10.87 
0.00 5.45 10.81 
0.00 6.56 10.73 
0.78 6.74 10.38 
0.40 8.31 9.67 
0.76 8.22 8.36 
0.00 7.37 6.73 
0.00 6.62 5.84 
0.00 5.20 5.50 
0.00 5.07 5.26 
0.00 5.47 4.58 
0.00 5.86 4.12 
0.00 5.83 3.75 
0.00 5.63 3.75 
0.00 5.32 3.65 
0.00 4.91 3.53 
0.00 4.15 3.16 
0.00 3.57 2.78 
0.00 3.08 2.86 
0.00 3.02 3.27 
0.00 3.12 4.37 
0.00 4.14 5.11 
0.00 4.85 6.05 
0.00 5.39 6.85 
0.00 5.51 7.30 
0.00 5.30 7.44 
0.00 4.74 7.46 
0.00 4.15 7.39 
0.00 3.79 7.22 
0.00 3.64 6.98 
0.00 3.71 6.62 
0.00 3.65 6.11 
0.00 3.75 5.53 
0.00 3.77 5.31 
0.00 3.80 5.18 
0.00 3.97 5.14 
0.00 4.02 5.35 
0.00 4.00 5.67 
0.00 3.88 5.98 
0.00 3.85 6.08 
0.00 3.94 5.93 
0.00 4.10 5.74 