0.00 2.06 2.63 
0.00 3.68 3.53 
0.00 3.14 3.75 
0.00 3.44 3.68 
0.00 3.65 3.45 
0.00 3.60 3.51 
0.00 3.48 3.78 
0.00 3.37 4.04 
0.00 3.32 4.22 
0.00 3.16 4.33 
0.00 3.14 4.36 
0.00 3.20 4.38 
0.00 3.16 4.23 
0.00 3.11 3.96 
0.00 3.11 3.73 
0.00 3.09 3.58 
0.00 3.48 3.23 
0.00 2.87 2.88 
0.00 2.85 2.52 
0.00 2.88 2.34 
0.00 2.91 2.46 
0.00 2.90 2.73 
0.00 3.03 2.90 
0.00 2.93 2.80 
0.00 2.89 2.58 
0.00 2.79 2.40 
0.00 2.71 2.52 
0.00 3.05 2.86 
0.00 3.35 3.09 
0.00 3.43 3.44 
0.00 3.42 3.96 
0.00 3.48 4.62 
0.00 4.09 4.94 
0.00 4.44 5.25 
0.00 4.63 5.54 
0.00 4.58 5.32 
0.00 4.29 4.83 
0.00 3.90 4.41 
0.00 3.64 4.04 
0.00 2.95 3.63 
0.00 3.46 3.37 
0.00 2.78 3.09 
0.00 2.63 3.04 
0.00 2.78 3.01 
0.00 2.81 2.72 
0.00 2.75 2.05 
0.00 2.66 1.84 
0.00 2.56 2.09 
0.00 2.52 2.67 