0.00 6.13 8.37 
0.00 7.76 8.82 
0.00 6.56 6.40 
0.00 4.52 4.02 
0.00 3.47 3.48 
0.00 3.04 3.52 
0.00 2.86 3.37 
0.00 2.98 3.04 
0.00 3.31 2.75 
0.00 4.02 2.26 
0.00 4.25 1.58 
0.00 4.30 0.21 
0.00 4.11 -0.46 
0.00 3.46 -0.54 
0.00 2.01 -0.69 
0.00 2.02 -1.17 
0.00 3.18 -0.47 
0.00 3.49 1.04 
0.00 3.04 1.61 
0.00 2.20 2.20 
0.00 1.62 2.55 
0.00 1.83 2.88 
0.00 1.88 2.93 
0.00 2.22 2.22 
0.00 1.81 0.05 
0.00 1.84 -2.34 
0.00 2.03 -2.76 
0.00 2.33 -3.24 
0.00 2.55 -2.94 
0.00 2.62 -2.68 
0.00 2.54 -1.70 
0.00 2.54 -0.65 
0.00 2.32 -0.41 
0.00 2.06 -0.26 
0.00 2.13 -0.20 
0.00 2.28 -0.33 
0.00 2.67 -0.40 
0.00 2.89 -0.41 
0.00 2.59 -0.31 
0.00 2.46 -1.00 
0.00 1.79 0.61 
0.00 0.96 2.59 
0.00 0.84 3.78 
0.00 1.46 3.79 
0.00 2.01 3.31 
0.00 2.20 3.28 
0.00 2.35 3.51 
0.00 2.46 3.70 
0.00 2.86 3.87 