0.00 -0.46 5.57 
0.00 0.67 8.55 
0.00 0.38 7.61 
0.00 0.38 6.10 
0.00 -0.03 6.75 
0.00 -0.31 6.62 
0.00 -0.69 7.11 
0.00 -0.61 7.83 
0.00 -0.75 7.08 
0.00 0.26 7.87 
0.00 -0.02 8.88 
0.00 -0.29 9.30 
0.00 -0.24 9.73 
0.00 -0.07 9.76 
0.00 0.57 9.98 
0.00 1.14 10.31 
0.00 1.89 10.27 
0.00 2.53 10.17 
0.00 3.03 10.24 
0.00 3.77 11.18 
0.00 3.94 12.30 
0.00 3.72 12.93 
0.00 3.41 12.96 
0.00 3.27 12.25 
0.00 2.92 11.43 
0.00 3.41 10.23 
0.00 3.09 8.50 
0.00 1.78 6.83 
0.00 2.32 5.63 
0.00 4.82 4.84 
0.00 5.48 4.31 
0.00 5.38 4.30 
0.00 5.71 4.67 
0.00 6.09 5.26 
0.00 6.75 5.85 
0.00 6.44 6.30 
0.00 6.46 7.09 
0.00 7.00 7.96 
0.00 6.52 7.71 
0.00 6.00 7.51 
0.00 5.25 8.18 
0.00 6.00 8.92 
0.00 6.65 9.80 
0.00 6.88 9.74 
0.00 6.92 8.83 
0.00 6.85 7.18 
0.00 6.69 6.23 
0.00 6.75 5.38 
0.00 7.07 5.08 