0.00 0.10 5.31 
0.00 0.45 9.98 
0.00 -0.08 11.18 
0.00 0.51 10.71 
0.00 0.73 10.09 
0.00 1.50 10.47 
0.00 2.59 11.01 
0.00 3.71 12.12 
0.00 4.05 12.85 
0.00 3.74 12.94 
0.00 4.27 13.57 
0.00 3.25 12.99 
0.00 3.91 11.36 
0.00 3.99 10.00 
0.00 3.00 8.15 
0.00 1.24 5.64 
0.00 1.98 5.22 
0.00 4.14 4.75 
0.00 5.13 4.30 
0.00 4.99 4.46 
0.00 5.23 4.77 
0.00 6.15 5.18 
0.00 6.49 5.80 
0.00 6.55 6.39 
0.00 6.13 6.99 
0.00 6.57 6.85 
0.00 6.20 7.08 
0.00 5.55 7.70 
0.00 5.07 8.69 
0.00 5.08 9.22 
0.00 5.53 9.46 
0.00 5.79 9.15 
0.00 5.98 8.66 
0.00 6.47 8.29 
0.00 7.11 7.44 
0.00 7.41 6.34 
0.00 7.56 5.56 
0.00 7.36 4.54 
0.00 6.60 3.70 
0.00 5.73 2.50 
0.00 4.73 2.13 
0.00 3.95 2.21 
0.00 3.90 1.68 
0.00 3.74 1.02 
0.00 3.41 0.63 
0.00 3.38 0.10 
0.00 3.26 -0.04 
0.00 3.13 0.01 
0.00 3.03 0.01 